         1 1014.840000 1023.130000            0            0            0       1.7672e+06          ?  26.000000   0.000000   0.000000   regions     circle
#
         2 1540.010000 1520.210000            0            0            0       2.0394e+06          ?  26.000000   0.000000   0.000000   regions     circle
#
         3 508.070000 1579.970000            0            0            0       2.3007e+06          ?  26.000000   0.000000   0.000000   regions     circle
#
         4 1370.350000 519.850000            0            0            0       1.7504e+06          ?  26.000000   0.000000   0.000000   regions     circle
#
         5 1199.470000 475.710000            0            0            0       1.5368e+06          ?  26.000000   0.000000   0.000000   regions     circle
#
         6 638.520000 590.180000            0            0            0       1.9585e+06          ?  26.000000   0.000000   0.000000   regions     circle
#
         7 883.190000 142.540000            0            0            0       1.7005e+06          ?  26.000000   0.000000   0.000000   regions     circle
#
         8 1517.230000 821.280000            0            0            0       1.7032e+06          ?  26.000000   0.000000   0.000000   regions     circle
#
         9 915.490000 850.700000            0            0            0       1.4266e+06          ?  26.000000   0.000000   0.000000   regions     circle
#
