         1 1010.520000 1046.160000            0            0            0       2.2103e+06          ?  26.000000   0.000000   0.000000   regions     circle
#
         2 1535.750000 1543.300000            0            0            0       2.3973e+06          ?  26.000000   0.000000  90.000000   regions     circle
#
         3 503.760000 1602.980000            0            0            0        2.659e+06          ?  26.000000   0.000000   0.000000   regions     circle
#
         4 1366.160000 542.900000            0            0            0       2.1811e+06          ?  26.000000   0.000000   0.000000   regions     circle
#
         5 1195.310000 498.740000            0            0            0       1.9972e+06          ?  26.000000   0.000000   0.000000   regions     circle
#
         6 634.250000 613.140000            0            0            0       2.3725e+06          ?  26.000000   0.000000  90.000000   regions     circle
#
         7 879.020000 165.560000            0            0            0       2.1376e+06          ?  26.000000   0.000000   0.000000   regions     circle
#
         8 1513.020000 844.310000            0            0            0        2.127e+06          ?  26.000000   0.000000   0.000000   regions     circle
#
         9 924.030000 855.810000            0            0            0       1.9152e+06          ?  26.000000   0.000000   0.000000   regions     circle
#
# /Users/tomasjames/Documents/University/Cardiff/Project/Project/Data/HATS-5b/Raw/coj1m003-kb71-20141201-0087-e90.fits
         1 1008.290000 1037.640000            0            0            0       1.8506e+06          ?  26.000000   0.000000  90.000000   regions     circle
#
         2 1533.480000 1534.770000            0            0            0       2.0189e+06          ?  26.000000   0.000000  90.000000   regions     circle
#
         3 501.540000 1594.380000            0            0            0       2.2392e+06          ?  26.000000   0.000000  90.000000   regions     circle
#
         4 1363.930000 534.340000            0            0            0       1.8148e+06          ?  26.000000   0.000000  90.000000   regions     circle
#
         5 1193.040000 490.180000            0            0            0       1.6584e+06          ?  26.000000   0.000000  90.000000   regions     circle
#
         6 632.080000 604.650000            0            0            0       1.9859e+06          ?  26.000000   0.000000  90.000000   regions     circle
#
         7 876.840000 157.010000            0            0            0       1.7802e+06          ?  26.000000   0.000000  90.000000   regions     circle
#
         8 1510.780000 835.840000            0            0            0       1.7809e+06          ?  26.000000   0.000000  90.000000   regions     circle
#
         9 923.080000 855.130000            0            0            0       1.5903e+06          ?  26.000000   0.000000  90.000000   regions     circle
#
# /Users/tomasjames/Documents/University/Cardiff/Project/Project/Data/HATS-5b/Raw/coj1m003-kb71-20141201-0107-e90.fits
         1 1013.140000 1026.280000            0            0            0       1.5803e+06          ?  26.000000   0.000000   0.000000   regions     circle
#
         2 1538.340000 1523.400000            0            0            0       1.8426e+06          ?  26.000000   0.000000   0.000000   regions     circle
#
         3 506.330000 1583.110000            0            0            0       2.1457e+06          ?  26.000000   0.000000   0.000000   regions     circle
#
         4 1368.770000 522.950000            0            0            0       1.5435e+06          ?  26.000000   0.000000   0.000000   regions     circle
#
         5 1197.880000 478.840000            0            0            0       1.3181e+06          ?  26.000000   0.000000   0.000000   regions     circle
#
         6 636.870000 593.270000            0            0            0       1.7774e+06          ?  26.000000   0.000000   0.000000   regions     circle
#
         7 881.590000 145.630000            0            0            0        1.492e+06          ?  26.000000   0.000000   0.000000   regions     circle
#
         8 1515.620000 824.390000            0            0            0       1.4973e+06          ?  26.000000   0.000000   0.000000   regions     circle
#
         9 916.690000 843.760000            0            0            0       1.2154e+06          ?  26.000000   0.000000   0.000000   regions     circle
#
# /Users/tomasjames/Documents/University/Cardiff/Project/Project/Data/HATS-5b/Raw/coj1m003-kb71-20141201-0117-e90.fits
         1 1013.410000 1024.610000            0            0            0       1.5877e+06          ?  26.000000   0.000000   0.000000   regions     circle
#
         2 1538.620000 1521.700000            0            0            0       1.8125e+06          ?  26.000000   0.000000   0.000000   regions     circle
#
         3 506.700000 1581.390000            0            0            0       2.0477e+06          ?  26.000000   0.000000   0.000000   regions     circle
#
         4 1369.020000 521.300000            0            0            0       1.5608e+06          ?  26.000000   0.000000   0.000000   regions     circle
#
         5 1198.170000 477.160000            0            0            0       1.3727e+06          ?  26.000000   0.000000   0.000000   regions     circle
#
         6 637.150000 591.660000            0            0            0       1.7464e+06          ?  26.000000   0.000000   0.000000   regions     circle
#
         7 881.900000 144.000000            0            0            0       1.5137e+06          ?  26.000000   0.000000   0.000000   regions     circle
#
         8 1515.910000 822.710000            0            0            0       1.5239e+06          ?  26.000000   0.000000   0.000000   regions     circle
#
         9 918.960000 850.700000            0            0            0       1.2877e+06          ?  26.000000   0.000000   0.000000   regions     circle
#
# /Users/tomasjames/Documents/University/Cardiff/Project/Project/Data/HATS-5b/Raw/coj1m003-kb71-20141201-0127-e90.fits
         1 1014.840000 1023.130000            0            0            0       1.7672e+06          ?  26.000000   0.000000   0.000000   regions     circle
#
         2 1540.010000 1520.210000            0            0            0       2.0394e+06          ?  26.000000   0.000000   0.000000   regions     circle
#
         3 508.070000 1579.970000            0            0            0       2.3007e+06          ?  26.000000   0.000000   0.000000   regions     circle
#
         4 1370.350000 519.850000            0            0            0       1.7504e+06          ?  26.000000   0.000000   0.000000   regions     circle
#
         5 1199.470000 475.710000            0            0            0       1.5368e+06          ?  26.000000   0.000000   0.000000   regions     circle
#
         6 638.520000 590.180000            0            0            0       1.9585e+06          ?  26.000000   0.000000   0.000000   regions     circle
#
         7 883.190000 142.540000            0            0            0       1.7005e+06          ?  26.000000   0.000000   0.000000   regions     circle
#
         8 1517.230000 821.280000            0            0            0       1.7032e+06          ?  26.000000   0.000000   0.000000   regions     circle
#
         9 915.490000 850.700000            0            0            0       1.4266e+06          ?  26.000000   0.000000   0.000000   regions     circle
#
# /Users/tomasjames/Documents/University/Cardiff/Project/Project/Data/HATS-5b/Raw/coj1m003-kb71-20141201-0137-e90.fits
         1 1017.480000 1023.080000            0            0            0       1.6525e+06          ?  26.000000   0.000000   0.000000   regions     circle
#
         2 1542.690000 1520.180000            0            0            0       1.8771e+06          ?  26.000000   0.000000   0.000000   regions     circle
#
         3 510.820000 1579.850000            0            0            0       2.0988e+06          ?  26.000000   0.000000   0.000000   regions     circle
#
         4 1372.960000 519.800000            0            0            0       1.6299e+06          ?  26.000000   0.000000   0.000000   regions     circle
#
         5 1202.080000 475.680000            0            0            0       1.4493e+06          ?  26.000000   0.000000   0.000000   regions     circle
#
         6 641.160000 590.140000            0            0            0        1.809e+06          ?  26.000000   0.000000   0.000000   regions     circle
#
         7 885.860000 142.510000            0            0            0       1.5868e+06          ?  26.000000   0.000000   0.000000   regions     circle
#
         8 1519.880000 821.240000            0            0            0       1.5891e+06          ?  26.000000   0.000000   0.000000   regions     circle
#
         9 906.820000 851.940000            0            0            0       1.3631e+06          ?  26.000000   0.000000   0.000000   regions     circle
#
# /Users/tomasjames/Documents/University/Cardiff/Project/Project/Data/HATS-5b/Raw/coj1m003-kb71-20141201-0147-e90.fits
         1 1020.130000 1023.520000            0            0            0       2.0897e+06          ?  26.000000   0.000000   0.000000   regions     circle
#
         2 1545.380000 1520.500000            0            0            0       2.1705e+06          ?  26.000000   0.000000   0.000000   regions     circle
#
         3 513.420000 1580.360000            0            0            0       2.2434e+06          ?  26.000000   0.000000   0.000000   regions     circle
#
         4 1375.750000 520.240000            0            0            0       2.0769e+06          ?  26.000000   0.000000   0.000000   regions     circle
#
         5 1204.870000 476.080000            0            0            0       2.0061e+06          ?  26.000000   0.000000   0.000000   regions     circle
#
         6 643.840000 590.630000            0            0            0       2.1344e+06          ?  26.000000   0.000000   0.000000   regions     circle
#
         7 888.510000 142.940000            0            0            0       2.0478e+06          ?  26.000000   0.000000   0.000000   regions     circle
#
         8 1522.640000 821.610000            0            0            0       2.0641e+06          ?  26.000000   0.000000   0.000000   regions     circle
#
         9 908.510000 850.010000            0            0            0       1.9881e+06          ?  26.000000   0.000000   0.000000   regions     circle
#
# /Users/tomasjames/Documents/University/Cardiff/Project/Project/Data/HATS-5b/Raw/coj1m003-kb71-20141201-0147-e90.fits
         1 1020.130000 1023.520000            0            0            0       2.0897e+06          ?  26.000000   0.000000   0.000000   regions     circle
#
         2 1545.380000 1520.500000            0            0            0       2.1705e+06          ?  26.000000   0.000000   0.000000   regions     circle
#
         3 513.420000 1580.360000            0            0            0       2.2434e+06          ?  26.000000   0.000000   0.000000   regions     circle
#
         4 1375.750000 520.240000            0            0            0       2.0769e+06          ?  26.000000   0.000000   0.000000   regions     circle
#
         5 1204.870000 476.080000            0            0            0       2.0061e+06          ?  26.000000   0.000000   0.000000   regions     circle
#
         6 643.840000 590.630000            0            0            0       2.1344e+06          ?  26.000000   0.000000   0.000000   regions     circle
#
         7 888.510000 142.940000            0            0            0       2.0478e+06          ?  26.000000   0.000000   0.000000   regions     circle
#
         8 1522.640000 821.610000            0            0            0       2.0641e+06          ?  26.000000   0.000000   0.000000   regions     circle
#
         9 908.510000 850.010000            0            0            0       1.9881e+06          ?  26.000000   0.000000   0.000000   regions     circle
#
# /Users/tomasjames/Documents/University/Cardiff/Project/Project/Data/HATS-5b/Raw/coj1m003-kb71-20141201-0157-e90.fits
         1 1021.920000 1023.810000            0            0            0       1.8037e+06          ?  26.000000   0.000000   0.000000   regions     circle
#
         2 1547.170000 1520.870000            0            0            0       1.8102e+06          ?  26.000000   0.000000   0.000000   regions     circle
#
         3 515.180000 1580.720000            0            0            0       1.8143e+06          ?  26.000000   0.000000   0.000000   regions     circle
#
         4 1377.410000 520.350000            0            0            0       1.8084e+06          ?  26.000000   0.000000   0.000000   regions     circle
#
         5 1194.780000 475.040000            0            0            0       1.7898e+06          ?  26.000000   0.000000   0.000000   regions     circle
#
         6 645.520000 590.870000            0            0            0       1.8019e+06          ?  26.000000   0.000000   0.000000   regions     circle
#
         7 890.300000 143.120000            0            0            0       1.7919e+06          ?  26.000000   0.000000   0.000000   regions     circle
#
         8 1524.400000 821.900000            0            0            0       1.8056e+06          ?  26.000000   0.000000   0.000000   regions     circle
#
         9 914.800000 850.920000            0            0            0       1.7915e+06          ?  26.000000   0.000000   0.000000   regions     circle
#
