         1 1007.833333 1055.166667            0            0            0                0          ?  20.000000   0.000000   0.000000   regions     circle
#
         2 692.500000 804.500000            0            0            0                0          ?  20.000000   0.000000   0.000000   regions     circle
#
         3 216.500000 1448.500000            0            0            0                0          ?  20.000000   0.000000   0.000000   regions     circle
#
         4 714.500000 1254.500000            0            0            0                0          ?  20.000000   0.000000   0.000000   regions     circle
#
         5 496.500000 1418.500000            0            0            0                0          ?  20.000000   0.000000   0.000000   regions     circle
#
         6 208.500000 272.500000            0            0            0                0          ?  20.000000   0.000000   0.000000   regions     circle
#
         7 1644.500000 1000.500000            0            0            0                0          ?  20.000000   0.000000   0.000000   regions     circle
#
         8 524.500000 1924.500000            0            0            0                0          ?  20.000000   0.000000   0.000000   regions     circle
#
         9 286.500000 1780.500000            0            0            0                0          ?  20.000000   0.000000   0.000000   regions     circle
#
        10 822.500000 800.500000            0            0            0                0          ?  20.000000   0.000000   0.000000   regions     circle
#
        11 572.500000 800.500000            0            0            0                0          ?  20.000000   0.000000   0.000000   regions     circle
#
        12 978.500000 720.500000            0            0            0                0          ?  20.000000   0.000000   0.000000   regions     circle
#
        13 1256.500000 1620.500000            0            0            0                0          ?  20.000000   0.000000   0.000000   regions     circle
#
        14 822.500000  60.500000            0            0            0                0          ?  20.000000   0.000000   0.000000   regions     circle
#
        15 1242.500000 996.500000            0            0            0                0          ?  20.000000   0.000000   0.000000   regions     circle
#
