         1 1007.040000 1055.300000            0            0            0       1.0674e+06          ?  22.000000   0.000000   0.000000   regions     circle
#
         2 713.930000 1253.140000            0            0            0           793130          ?  22.000000   0.000000   0.000000   regions     circle
#
         3 217.810000 1447.310000            0            0            0       1.1449e+06          ?  22.000000   0.000000   0.000000   regions     circle
#
         4 209.060000 272.300000            0            0            0       2.5783e+06          ?  22.000000   0.000000   0.000000   regions     circle
#
         5 1256.530000 1619.020000            0            0            0           549880          ?  22.000000   0.000000   0.000000   regions     circle
#
         6 524.400000 1924.160000            0            0            0       4.1055e+06          ?  22.000000   0.000000   0.000000   regions     circle
#
         7 978.940000 719.970000            0            0            0           766410          ?  22.000000   0.000000   0.000000   regions     circle
#
         8 1133.860000 697.930000            0            0            0           310690          ?  22.000000   0.000000   0.000000   regions     circle
#
# /Users/tomasjames/Documents/University/Cardiff/Project/Project/Data/WASP-78b/Raw/lsc1m005-kb78-20141129-0057-e90.fits
         1 1007.460000 1055.820000            0            0            0       1.1016e+06          ?  22.000000   0.000000   0.000000   regions     circle
#
         2 714.390000 1253.650000            0            0            0           824320          ?  22.000000   0.000000   0.000000   regions     circle
#
         3 218.250000 1447.840000            0            0            0       1.1899e+06          ?  22.000000   0.000000   0.000000   regions     circle
#
         4 209.460000 272.740000            0            0            0       2.6506e+06          ?  22.000000   0.000000   0.000000   regions     circle
#
         5 1256.990000 1619.440000            0            0            0           573910          ?  22.000000   0.000000   0.000000   regions     circle
#
         6 524.870000 1924.620000            0            0            0        4.174e+06          ?  22.000000   0.000000   0.000000   regions     circle
#
         7 979.380000 720.470000            0            0            0           798450          ?  22.000000   0.000000   0.000000   regions     circle
#
         8 1132.870000 696.590000            0            0            0           328550          ?  22.000000   0.000000   0.000000   regions     circle
#
# /Users/tomasjames/Documents/University/Cardiff/Project/Project/Data/WASP-78b/Raw/lsc1m005-kb78-20141129-0057-e90.fits
         1 1007.460000 1055.820000            0            0            0       1.1016e+06          ?  22.000000   0.000000   0.000000   regions     circle
#
         2 714.390000 1253.650000            0            0            0           824320          ?  22.000000   0.000000   0.000000   regions     circle
#
         3 218.250000 1447.840000            0            0            0       1.1899e+06          ?  22.000000   0.000000   0.000000   regions     circle
#
         4 209.460000 272.740000            0            0            0       2.6506e+06          ?  22.000000   0.000000   0.000000   regions     circle
#
         5 1256.990000 1619.440000            0            0            0           573910          ?  22.000000   0.000000   0.000000   regions     circle
#
         6 524.870000 1924.620000            0            0            0        4.174e+06          ?  22.000000   0.000000   0.000000   regions     circle
#
         7 979.380000 720.470000            0            0            0           798450          ?  22.000000   0.000000   0.000000   regions     circle
#
         8 1132.870000 696.590000            0            0            0           328550          ?  22.000000   0.000000   0.000000   regions     circle
#
# /Users/tomasjames/Documents/University/Cardiff/Project/Project/Data/WASP-78b/Raw/lsc1m005-kb78-20141129-0067-e90.fits
         1 1007.470000 1055.490000            0            0            0       1.1006e+06          ?  22.000000   0.000000   0.000000   regions     circle
#
         2 714.410000 1253.310000            0            0            0           822430          ?  22.000000   0.000000   0.000000   regions     circle
#
         3 218.200000 1447.440000            0            0            0       1.1873e+06          ?  22.000000   0.000000   0.000000   regions     circle
#
         4 209.410000 272.380000            0            0            0       2.6404e+06          ?  22.000000   0.000000   0.000000   regions     circle
#
         5 1257.010000 1619.200000            0            0            0           571090          ?  22.000000   0.000000   0.000000   regions     circle
#
         6 524.890000 1924.130000            0            0            0       3.9044e+06          ?  22.000000   0.000000   0.000000   regions     circle
#
         7 979.350000 720.190000            0            0            0           794840          ?  22.000000   0.000000   0.000000   regions     circle
#
         8 1136.200000 696.820000            0            0            0           325230          ?  22.000000   0.000000   0.000000   regions     circle
#
# /Users/tomasjames/Documents/University/Cardiff/Project/Project/Data/WASP-78b/Raw/lsc1m005-kb78-20141129-0077-e90.fits
         1 1007.620000 1055.900000            0            0            0       1.0747e+06          ?  22.000000   0.000000   0.000000   regions     circle
#
         2 714.510000 1253.590000            0            0            0           796870          ?  22.000000   0.000000   0.000000   regions     circle
#
         3 218.350000 1447.770000            0            0            0       1.1656e+06          ?  22.000000   0.000000   0.000000   regions     circle
#
         4 209.470000 272.620000            0            0            0       2.5225e+06          ?  22.000000   0.000000   0.000000   regions     circle
#
         5 1257.140000 1619.410000            0            0            0           545040          ?  22.000000   0.000000   0.000000   regions     circle
#
         6 524.900000 1924.320000            0            0            0       3.5787e+06          ?  22.000000   0.000000   0.000000   regions     circle
#
         7 979.470000 720.460000            0            0            0           770340          ?  22.000000   0.000000   0.000000   regions     circle
#
         8 1137.500000 697.500000            0            0            0           299420          ?  22.000000   0.000000   0.000000   regions     circle
#
# /Users/tomasjames/Documents/University/Cardiff/Project/Project/Data/WASP-78b/Raw/lsc1m005-kb78-20141129-0086-e90.fits
         1 1007.680000 1055.470000            0            0            0       1.0715e+06          ?  22.000000   0.000000   0.000000   regions     circle
#
         2 714.560000 1253.300000            0            0            0           791770          ?  22.000000   0.000000   0.000000   regions     circle
#
         3 218.410000 1447.440000            0            0            0       1.1608e+06          ?  22.000000   0.000000   0.000000   regions     circle
#
         4 209.510000 272.300000            0            0            0       2.3359e+06          ?  22.000000   0.000000   0.000000   regions     circle
#
         5 1257.210000 1619.130000            0            0            0           540220          ?  22.000000   0.000000   0.000000   regions     circle
#
         6 524.950000 1924.010000            0            0            0       3.1739e+06          ?  22.000000   0.000000   0.000000   regions     circle
#
         7 979.510000 720.180000            0            0            0           765920          ?  22.000000   0.000000   0.000000   regions     circle
#
         8 1132.730000 691.260000            0            0            0           292500          ?  22.000000   0.000000   0.000000   regions     circle
#
# /Users/tomasjames/Documents/University/Cardiff/Project/Project/Data/WASP-78b/Raw/lsc1m005-kb78-20141129-0097-e90.fits
         1 1007.760000 1055.400000            0            0            0       1.0631e+06          ?  22.000000   0.000000   0.000000   regions     circle
#
         2 714.690000 1253.210000            0            0            0           784500          ?  22.000000   0.000000   0.000000   regions     circle
#
         3 218.480000 1447.390000            0            0            0       1.1523e+06          ?  22.000000   0.000000   0.000000   regions     circle
#
         4 209.580000 272.300000            0            0            0       2.1881e+06          ?  22.000000   0.000000   0.000000   regions     circle
#
         5 1257.290000 1619.030000            0            0            0           532160          ?  22.000000   0.000000   0.000000   regions     circle
#
         6 525.100000 1924.120000            0            0            0       2.9148e+06          ?  22.000000   0.000000   0.000000   regions     circle
#
         7 979.600000 720.090000            0            0            0           757860          ?  22.000000   0.000000   0.000000   regions     circle
#
         8 1135.600000 693.660000            0            0            0           283590          ?  22.000000   0.000000   0.000000   regions     circle
#
# /Users/tomasjames/Documents/University/Cardiff/Project/Project/Data/WASP-78b/Raw/lsc1m005-kb78-20141129-0107-e90.fits
         1 1007.850000 1055.290000            0            0            0       1.0379e+06          ?  22.000000   0.000000   0.000000   regions     circle
#
         2 714.790000 1253.140000            0            0            0           778450          ?  22.000000   0.000000   0.000000   regions     circle
#
         3 218.640000 1447.330000            0            0            0       1.1157e+06          ?  22.000000   0.000000   0.000000   regions     circle
#
         4 209.720000 272.310000            0            0            0       1.9566e+06          ?  22.000000   0.000000   0.000000   regions     circle
#
         5 1257.450000 1618.910000            0            0            0           525770          ?  22.000000   0.000000   0.000000   regions     circle
#
         6 525.310000 1924.120000            0            0            0       2.5486e+06          ?  22.000000   0.000000   0.000000   regions     circle
#
         7 979.670000 719.950000            0            0            0           752650          ?  22.000000   0.000000   0.000000   regions     circle
#
         8 1133.220000 695.780000            0            0            0           277420          ?  22.000000   0.000000   0.000000   regions     circle
#
# /Users/tomasjames/Documents/University/Cardiff/Project/Project/Data/WASP-78b/Raw/lsc1m005-kb78-20141129-0117-e90.fits
         1 1008.020000 1055.320000            0            0            0       1.0491e+06          ?  22.000000   0.000000   0.000000   regions     circle
#
         2 714.960000 1253.190000            0            0            0           770930          ?  22.000000   0.000000   0.000000   regions     circle
#
         3 218.830000 1447.370000            0            0            0       1.1293e+06          ?  22.000000   0.000000   0.000000   regions     circle
#
         4 209.830000 272.390000            0            0            0       2.0745e+06          ?  22.000000   0.000000   0.000000   regions     circle
#
         5 1257.660000 1618.950000            0            0            0           517080          ?  22.000000   0.000000   0.000000   regions     circle
#
         6 525.540000 1924.240000            0            0            0        2.742e+06          ?  22.000000   0.000000   0.000000   regions     circle
#
         7 979.830000 719.990000            0            0            0           743510          ?  22.000000   0.000000   0.000000   regions     circle
#
         8 1135.120000 690.920000            0            0            0           267240          ?  22.000000   0.000000   0.000000   regions     circle
#
# /Users/tomasjames/Documents/University/Cardiff/Project/Project/Data/WASP-78b/Raw/lsc1m005-kb78-20141129-0127-e90.fits
         1 1008.200000 1055.300000            0            0            0           999820          ?  22.000000   0.000000   0.000000   regions     circle
#
         2 715.140000 1253.160000            0            0            0           742010          ?  22.000000   0.000000   0.000000   regions     circle
#
         3 219.010000 1447.380000            0            0            0       1.0817e+06          ?  22.000000   0.000000   0.000000   regions     circle
#
         4 209.990000 272.330000            0            0            0       1.9154e+06          ?  22.000000   0.000000   0.000000   regions     circle
#
         5 1257.840000 1618.900000            0            0            0           488500          ?  22.000000   0.000000   0.000000   regions     circle
#
         6 525.840000 1924.200000            0            0            0       2.5301e+06          ?  22.000000   0.000000   0.000000   regions     circle
#
         7 980.000000 719.970000            0            0            0           714440          ?  22.000000   0.000000   0.000000   regions     circle
#
         8 1133.420000 693.980000            0            0            0           238230          ?  22.000000   0.000000   0.000000   regions     circle
#
# /Users/tomasjames/Documents/University/Cardiff/Project/Project/Data/WASP-78b/Raw/lsc1m005-kb78-20141129-0137-e90.fits
         1 1008.260000 1055.300000            0            0            0       1.0244e+06          ?  22.000000   0.000000   0.000000   regions     circle
#
         2 715.210000 1253.150000            0            0            0           743360          ?  22.000000   0.000000   0.000000   regions     circle
#
         3 219.070000 1447.410000            0            0            0        1.114e+06          ?  22.000000   0.000000   0.000000   regions     circle
#
         4 210.020000 272.440000            0            0            0       2.1116e+06          ?  22.000000   0.000000   0.000000   regions     circle
#
         5 1257.950000 1618.950000            0            0            0           487720          ?  22.000000   0.000000   0.000000   regions     circle
#
         6 525.900000 1924.240000            0            0            0       2.8086e+06          ?  22.000000   0.000000   0.000000   regions     circle
#
         7 980.040000 719.940000            0            0            0           715120          ?  22.000000   0.000000   0.000000   regions     circle
#
         8 1132.800000 700.740000            0            0            0           238870          ?  22.000000   0.000000   0.000000   regions     circle
#
# /Users/tomasjames/Documents/University/Cardiff/Project/Project/Data/WASP-78b/Raw/lsc1m005-kb78-20141129-0147-e90.fits
         1 1008.350000 1055.400000            0            0            0       1.0091e+06          ?  22.000000   0.000000   0.000000   regions     circle
#
         2 715.320000 1253.270000            0            0            0           731170          ?  22.000000   0.000000   0.000000   regions     circle
#
         3 219.190000 1447.540000            0            0            0        1.104e+06          ?  22.000000   0.000000   0.000000   regions     circle
#
         4 210.100000 272.550000            0            0            0       2.2111e+06          ?  22.000000   0.000000   0.000000   regions     circle
#
         5 1258.030000 1618.990000            0            0            0           477020          ?  22.000000   0.000000   0.000000   regions     circle
#
         6 525.980000 1924.320000            0            0            0       2.9761e+06          ?  22.000000   0.000000   0.000000   regions     circle
#
         7 980.150000 720.080000            0            0            0           705970          ?  22.000000   0.000000   0.000000   regions     circle
#
         8 1136.240000 692.830000            0            0            0           230880          ?  22.000000   0.000000   0.000000   regions     circle
#
# /Users/tomasjames/Documents/University/Cardiff/Project/Project/Data/WASP-78b/Raw/lsc1m005-kb78-20141129-0157-e90.fits
         1 1008.590000 1055.510000            0            0            0           975870          ?  22.000000   0.000000   0.000000   regions     circle
#
         2 715.590000 1253.400000            0            0            0           697740          ?  22.000000   0.000000   0.000000   regions     circle
#
         3 219.480000 1447.700000            0            0            0       1.0628e+06          ?  22.000000   0.000000   0.000000   regions     circle
#
         4 210.340000 272.670000            0            0            0       2.0598e+06          ?  22.000000   0.000000   0.000000   regions     circle
#
         5 1258.280000 1619.070000            0            0            0           443000          ?  22.000000   0.000000   0.000000   regions     circle
#
         6 526.210000 1924.410000            0            0            0        2.746e+06          ?  22.000000   0.000000   0.000000   regions     circle
#
         7 980.360000 720.160000            0            0            0           668490          ?  22.000000   0.000000   0.000000   regions     circle
#
         8 1135.030000 696.530000            0            0            0           193810          ?  22.000000   0.000000   0.000000   regions     circle
#
# /Users/tomasjames/Documents/University/Cardiff/Project/Project/Data/WASP-78b/Raw/lsc1m005-kb78-20141129-0167-e90.fits
         1 1008.660000 1055.450000            0            0            0           958320          ?  22.000000   0.000000   0.000000   regions     circle
#
         2 715.630000 1253.360000            0            0            0           682370          ?  22.000000   0.000000   0.000000   regions     circle
#
         3 219.550000 1447.680000            0            0            0       1.0541e+06          ?  22.000000   0.000000   0.000000   regions     circle
#
         4 210.330000 272.610000            0            0            0       2.1689e+06          ?  22.000000   0.000000   0.000000   regions     circle
#
         5 1258.350000 1619.020000            0            0            0           430030          ?  22.000000   0.000000   0.000000   regions     circle
#
         6 526.270000 1924.370000            0            0            0       2.9195e+06          ?  22.000000   0.000000   0.000000   regions     circle
#
         7 980.390000 720.120000            0            0            0           657460          ?  22.000000   0.000000   0.000000   regions     circle
#
         8 1137.000000 698.000000            0            0            0           179660          ?  22.000000   0.000000   0.000000   regions     circle
#
# /Users/tomasjames/Documents/University/Cardiff/Project/Project/Data/WASP-78b/Raw/lsc1m005-kb78-20141129-0177-e90.fits
         1 1008.940000 1055.470000            0            0            0           966460          ?  22.000000   0.000000   0.000000   regions     circle
#
         2 715.930000 1253.350000            0            0            0           689270          ?  22.000000   0.000000   0.000000   regions     circle
#
         3 219.850000 1447.660000            0            0            0       1.0613e+06          ?  22.000000   0.000000   0.000000   regions     circle
#
         4 210.650000 272.660000            0            0            0       2.2577e+06          ?  22.000000   0.000000   0.000000   regions     circle
#
         5 1258.720000 1619.050000            0            0            0           438130          ?  22.000000   0.000000   0.000000   regions     circle
#
         6 526.730000 1924.370000            0            0            0       3.1031e+06          ?  22.000000   0.000000   0.000000   regions     circle
#
         7 980.680000 720.120000            0            0            0           662080          ?  22.000000   0.000000   0.000000   regions     circle
#
         8 1133.260000 691.230000            0            0            0           187210          ?  22.000000   0.000000   0.000000   regions     circle
#
# /Users/tomasjames/Documents/University/Cardiff/Project/Project/Data/WASP-78b/Raw/lsc1m005-kb78-20141129-0187-e90.fits
         1 1009.010000 1055.410000            0            0            0           969860          ?  22.000000   0.000000   0.000000   regions     circle
#
         2 716.040000 1253.310000            0            0            0           689980          ?  22.000000   0.000000   0.000000   regions     circle
#
         3 219.990000 1447.660000            0            0            0       1.0593e+06          ?  22.000000   0.000000   0.000000   regions     circle
#
         4 210.700000 272.580000            0            0            0       2.2956e+06          ?  22.000000   0.000000   0.000000   regions     circle
#
         5 1258.780000 1618.950000            0            0            0           437570          ?  22.000000   0.000000   0.000000   regions     circle
#
         6 526.840000 1924.260000            0            0            0       3.2016e+06          ?  22.000000   0.000000   0.000000   regions     circle
#
         7 980.760000 720.090000            0            0            0           660650          ?  22.000000   0.000000   0.000000   regions     circle
#
         8 1134.160000 689.690000            0            0            0           187630          ?  22.000000   0.000000   0.000000   regions     circle
#
# /Users/tomasjames/Documents/University/Cardiff/Project/Project/Data/WASP-78b/Raw/lsc1m005-kb78-20141129-0197-e90.fits
         1 1008.960000 1055.420000            0            0            0           973360          ?  22.000000   0.000000   0.000000   regions     circle
#
         2 716.000000 1253.340000            0            0            0           697280          ?  22.000000   0.000000   0.000000   regions     circle
#
         3 219.970000 1447.720000            0            0            0       1.0645e+06          ?  22.000000   0.000000   0.000000   regions     circle
#
         4 210.650000 272.720000            0            0            0       2.1684e+06          ?  22.000000   0.000000   0.000000   regions     circle
#
         5 1258.780000 1618.970000            0            0            0           443970          ?  22.000000   0.000000   0.000000   regions     circle
#
         6 526.830000 1924.380000            0            0            0       2.9599e+06          ?  22.000000   0.000000   0.000000   regions     circle
#
         7 980.690000 720.100000            0            0            0           668630          ?  22.000000   0.000000   0.000000   regions     circle
#
         8 1133.000000 691.970000            0            0            0           194840          ?  22.000000   0.000000   0.000000   regions     circle
#
