         1 1009.370000 970.990000            0            0            0       3.1378e+06          ?  22.000000   0.000000  90.000000   regions     circle
#
         2 861.170000 942.210000            0            0            0       2.1768e+06          ?  22.000000   0.000000  90.000000   regions     circle
#
         3 620.120000 825.040000            0            0            0       1.9105e+06          ?  22.000000   0.000000  90.000000   regions     circle
#
         4 1103.880000 1973.320000            0            0            0       2.2467e+06          ?  22.000000   0.000000  90.000000   regions     circle
#
         5 1035.900000  83.130000            0            0            0       2.2089e+06          ?  22.000000   0.000000  90.000000   regions     circle
#
         6 459.200000 236.490000            0            0            0       3.5092e+06          ?  22.000000   0.000000  90.000000   regions     circle
#
         7 976.630000 1458.310000            0            0            0       1.9569e+06          ?  22.000000   0.000000  90.000000   regions     circle
#
         8 1074.570000 901.530000            0            0            0       1.6913e+06          ?  22.000000   0.000000  90.000000   regions     circle
#
# /Users/tomasjames/Documents/University/Cardiff/Project/Project/Data/WASP22b/Raw/cpt1m013-kb76-20141108-0089-e90.fits
         1 1009.500000 970.770000            0            0            0       3.1647e+06          ?  22.000000   0.000000   0.000000   regions     circle
#
         2 861.310000 942.020000            0            0            0        2.191e+06          ?  22.000000   0.000000   0.000000   regions     circle
#
         3 620.260000 824.840000            0            0            0       1.9246e+06          ?  22.000000   0.000000   0.000000   regions     circle
#
         4 1104.060000 1973.110000            0            0            0       2.2624e+06          ?  22.000000   0.000000   0.000000   regions     circle
#
         5 1036.050000  82.930000            0            0            0       2.2213e+06          ?  22.000000   0.000000   0.000000   regions     circle
#
         6 459.320000 236.290000            0            0            0       3.5564e+06          ?  22.000000   0.000000   0.000000   regions     circle
#
         7 1086.640000 906.090000            0            0            0       1.7022e+06          ?  22.000000   0.000000   0.000000   regions     circle
#
         8 976.770000 1458.100000            0            0            0       1.9709e+06          ?  22.000000   0.000000   0.000000   regions     circle
#
# /Users/tomasjames/Documents/University/Cardiff/Project/Project/Data/WASP22b/Raw/cpt1m013-kb76-20141108-0091-e90.fits
         1 1009.400000 970.950000            0            0            0       3.1435e+06          ?  22.000000   0.000000   0.000000   regions     circle
#
         2 861.180000 942.180000            0            0            0       2.1935e+06          ?  22.000000   0.000000   0.000000   regions     circle
#
         3 620.130000 824.990000            0            0            0       1.9225e+06          ?  22.000000   0.000000   0.000000   regions     circle
#
         4 1103.920000 1973.310000            0            0            0       2.2659e+06          ?  22.000000   0.000000   0.000000   regions     circle
#
         5 1035.900000  83.090000            0            0            0       2.2214e+06          ?  22.000000   0.000000   0.000000   regions     circle
#
         6 459.180000 236.460000            0            0            0       3.5193e+06          ?  22.000000   0.000000   0.000000   regions     circle
#
         7 1090.450000 907.200000            0            0            0       1.7029e+06          ?  22.000000   0.000000   0.000000   regions     circle
#
         8 976.640000 1458.300000            0            0            0        1.971e+06          ?  22.000000   0.000000   0.000000   regions     circle
#
# /Users/tomasjames/Documents/University/Cardiff/Project/Project/Data/WASP22b/Raw/cpt1m013-kb76-20141108-0093-e90.fits
         1 1009.430000 970.910000            0            0            0       3.1378e+06          ?  22.000000   0.000000   0.000000   regions     circle
#
         2 861.210000 942.140000            0            0            0          2.2e+06          ?  22.000000   0.000000   0.000000   regions     circle
#
         3 620.160000 824.970000            0            0            0       1.9324e+06          ?  22.000000   0.000000   0.000000   regions     circle
#
         4 1103.950000 1973.250000            0            0            0       2.2766e+06          ?  22.000000   0.000000   0.000000   regions     circle
#
         5 1035.920000  83.030000            0            0            0        2.229e+06          ?  22.000000   0.000000   0.000000   regions     circle
#
         6 459.210000 236.390000            0            0            0        3.537e+06          ?  22.000000   0.000000   0.000000   regions     circle
#
         7 1084.780000 907.710000            0            0            0       1.7112e+06          ?  22.000000   0.000000   0.000000   regions     circle
#
         8 976.680000 1458.230000            0            0            0       1.9806e+06          ?  22.000000   0.000000   0.000000   regions     circle
#
# /Users/tomasjames/Documents/University/Cardiff/Project/Project/Data/WASP22b/Raw/cpt1m013-kb76-20141108-0095-e90.fits
         1 1009.220000 970.520000            0            0            0       3.1864e+06          ?  22.000000   0.000000   0.000000   regions     circle
#
         2 860.990000 941.820000            0            0            0       2.2017e+06          ?  22.000000   0.000000   0.000000   regions     circle
#
         3 619.930000 824.630000            0            0            0       1.9354e+06          ?  22.000000   0.000000   0.000000   regions     circle
#
         4 1103.720000 1972.940000            0            0            0       2.2806e+06          ?  22.000000   0.000000   0.000000   regions     circle
#
         5 1035.730000  82.790000            0            0            0       2.2365e+06          ?  22.000000   0.000000   0.000000   regions     circle
#
         6 459.010000 236.160000            0            0            0       3.4868e+06          ?  22.000000   0.000000   0.000000   regions     circle
#
         7 1078.420000 909.460000            0            0            0       1.7161e+06          ?  22.000000   0.000000   0.000000   regions     circle
#
         8 976.450000 1457.970000            0            0            0       1.9847e+06          ?  22.000000   0.000000   0.000000   regions     circle
#
# /Users/tomasjames/Documents/University/Cardiff/Project/Project/Data/WASP22b/Raw/cpt1m013-kb76-20141108-0097-e90.fits
         1 1009.220000 970.700000            0            0            0       3.1434e+06          ?  22.000000   0.000000   0.000000   regions     circle
#
         2 860.990000 941.960000            0            0            0       2.1879e+06          ?  22.000000   0.000000   0.000000   regions     circle
#
         3 619.940000 824.750000            0            0            0       1.9166e+06          ?  22.000000   0.000000   0.000000   regions     circle
#
         4 1103.720000 1973.120000            0            0            0       2.2647e+06          ?  22.000000   0.000000   0.000000   regions     circle
#
         5 1035.730000  82.870000            0            0            0       2.2165e+06          ?  22.000000   0.000000   0.000000   regions     circle
#
         6 459.010000 236.250000            0            0            0       3.4691e+06          ?  22.000000   0.000000   0.000000   regions     circle
#
         7 1086.720000 907.430000            0            0            0       1.6965e+06          ?  22.000000   0.000000   0.000000   regions     circle
#
         8 976.460000 1458.120000            0            0            0       1.9647e+06          ?  22.000000   0.000000   0.000000   regions     circle
#
# /Users/tomasjames/Documents/University/Cardiff/Project/Project/Data/WASP22b/Raw/cpt1m013-kb76-20141108-0099-e90.fits
         1 1009.460000 970.850000            0            0            0       3.1068e+06          ?  22.000000   0.000000   0.000000   regions     circle
#
         2 861.230000 942.090000            0            0            0       2.1819e+06          ?  22.000000   0.000000   0.000000   regions     circle
#
         3 620.180000 824.890000            0            0            0       1.9133e+06          ?  22.000000   0.000000   0.000000   regions     circle
#
         4 1103.990000 1973.230000            0            0            0        2.263e+06          ?  22.000000   0.000000   0.000000   regions     circle
#
         5 1035.950000  83.010000            0            0            0       2.2184e+06          ?  22.000000   0.000000   0.000000   regions     circle
#
         6 459.230000 236.370000            0            0            0       3.5253e+06          ?  22.000000   0.000000   0.000000   regions     circle
#
         7 1085.500000 908.170000            0            0            0        1.696e+06          ?  22.000000   0.000000   0.000000   regions     circle
#
         8 976.680000 1458.210000            0            0            0       1.9647e+06          ?  22.000000   0.000000   0.000000   regions     circle
#
# /Users/tomasjames/Documents/University/Cardiff/Project/Project/Data/WASP22b/Raw/cpt1m013-kb76-20141108-0101-e90.fits
         1 1009.360000 971.030000            0            0            0       3.0867e+06          ?  22.000000   0.000000   0.000000   regions     circle
#
         2 861.130000 942.260000            0            0            0       2.1447e+06          ?  22.000000   0.000000   0.000000   regions     circle
#
         3 620.070000 825.080000            0            0            0       1.8779e+06          ?  22.000000   0.000000   0.000000   regions     circle
#
         4 1103.900000 1973.340000            0            0            0       2.2351e+06          ?  22.000000   0.000000   0.000000   regions     circle
#
         5 1035.840000  83.120000            0            0            0       2.1811e+06          ?  22.000000   0.000000   0.000000   regions     circle
#
         6 459.120000 236.510000            0            0            0       3.4626e+06          ?  22.000000   0.000000   0.000000   regions     circle
#
         7 1086.550000 906.950000            0            0            0       1.6603e+06          ?  22.000000   0.000000   0.000000   regions     circle
#
         8 976.580000 1458.350000            0            0            0       1.9279e+06          ?  22.000000   0.000000   0.000000   regions     circle
#
# /Users/tomasjames/Documents/University/Cardiff/Project/Project/Data/WASP22b/Raw/cpt1m013-kb76-20141108-0103-e90.fits
         1 1009.530000 970.700000            0            0            0       2.7273e+06          ?  22.000000   0.000000   0.000000   regions     circle
#
         2 861.320000 941.980000            0            0            0       1.8143e+06          ?  22.000000   0.000000   0.000000   regions     circle
#
         3 620.270000 824.780000            0            0            0       1.4926e+06          ?  22.000000   0.000000   0.000000   regions     circle
#
         4 1104.120000 1973.100000            0            0            0       1.9357e+06          ?  22.000000   0.000000   0.000000   regions     circle
#
         5 1036.040000  82.890000            0            0            0       1.8868e+06          ?  22.000000   0.000000   0.000000   regions     circle
#
         6 459.310000 236.260000            0            0            0       3.0941e+06          ?  22.000000   0.000000   0.000000   regions     circle
#
         7 1085.650000 908.470000            0            0            0       1.3621e+06          ?  22.000000   0.000000   0.000000   regions     circle
#
         8 976.810000 1458.110000            0            0            0       1.6246e+06          ?  22.000000   0.000000   0.000000   regions     circle
#
# /Users/tomasjames/Documents/University/Cardiff/Project/Project/Data/WASP22b/Raw/cpt1m013-kb76-20141108-0105-e90.fits
         1 1009.500000 971.180000            0            0            0       2.4119e+06          ?  22.000000   0.000000   0.000000   regions     circle
#
         2 861.310000 942.380000            0            0            0        1.437e+06          ?  22.000000   0.000000   0.000000   regions     circle
#
         3 620.280000 825.190000            0            0            0        1.143e+06          ?  22.000000   0.000000   0.000000   regions     circle
#
         4 1104.120000 1973.480000            0            0            0       1.3395e+06          ?  22.000000   0.000000   0.000000   regions     circle
#
         5 1036.020000  83.300000            0            0            0       1.3773e+06          ?  22.000000   0.000000   0.000000   regions     circle
#
         6 459.300000 236.690000            0            0            0       2.6962e+06          ?  22.000000   0.000000   0.000000   regions     circle
#
         7 1081.550000 908.420000            0            0            0           985350          ?  22.000000   0.000000   0.000000   regions     circle
#
         8 976.810000 1458.480000            0            0            0       1.1307e+06          ?  22.000000   0.000000   0.000000   regions     circle
#
# /Users/tomasjames/Documents/University/Cardiff/Project/Project/Data/WASP22b/Raw/cpt1m013-kb76-20141108-0107-e90.fits
         1 1009.610000 970.690000            0            0            0       2.2205e+06          ?  22.000000   0.000000   0.000000   regions     circle
#
         2 861.390000 941.970000            0            0            0        1.349e+06          ?  22.000000   0.000000   0.000000   regions     circle
#
         3 620.350000 824.760000            0            0            0       1.0478e+06          ?  22.000000   0.000000   0.000000   regions     circle
#
         4 1104.210000 1973.030000            0            0            0       1.2433e+06          ?  22.000000   0.000000   0.000000   regions     circle
#
         5 1036.100000  82.820000            0            0            0       1.2758e+06          ?  22.000000   0.000000   0.000000   regions     circle
#
         6 459.400000 236.220000            0            0            0       2.6386e+06          ?  22.000000   0.000000   0.000000   regions     circle
#
         7 1082.150000 901.290000            0            0            0           886900          ?  22.000000   0.000000   0.000000   regions     circle
#
         8 976.890000 1458.060000            0            0            0       1.0355e+06          ?  22.000000   0.000000   0.000000   regions     circle
#
# /Users/tomasjames/Documents/University/Cardiff/Project/Project/Data/WASP22b/Raw/cpt1m013-kb76-20141108-0109-e90.fits
         1 1009.650000 970.680000            0            0            0       2.1975e+06          ?  22.000000   0.000000   0.000000   regions     circle
#
         2 861.430000 941.940000            0            0            0       1.2713e+06          ?  22.000000   0.000000   0.000000   regions     circle
#
         3 620.380000 824.740000            0            0            0           970310          ?  22.000000   0.000000   0.000000   regions     circle
#
         4 1104.250000 1973.000000            0            0            0       1.1609e+06          ?  22.000000   0.000000   0.000000   regions     circle
#
         5 1036.140000  82.810000            0            0            0       1.1969e+06          ?  22.000000   0.000000   0.000000   regions     circle
#
         6 459.410000 236.180000            0            0            0       2.5599e+06          ?  22.000000   0.000000   0.000000   regions     circle
#
         7 1085.900000 908.220000            0            0            0           810850          ?  22.000000   0.000000   0.000000   regions     circle
#
         8 976.920000 1458.040000            0            0            0           958030          ?  22.000000   0.000000   0.000000   regions     circle
#
# /Users/tomasjames/Documents/University/Cardiff/Project/Project/Data/WASP22b/Raw/cpt1m013-kb76-20141108-0111-e90.fits
         1 1009.490000 970.590000            0            0            0       2.1122e+06          ?  22.000000   0.000000   0.000000   regions     circle
#
         2 861.290000 941.860000            0            0            0       1.1831e+06          ?  22.000000   0.000000   0.000000   regions     circle
#
         3 620.240000 824.650000            0            0            0           886240          ?  22.000000   0.000000   0.000000   regions     circle
#
         4 1104.100000 1972.950000            0            0            0       1.0717e+06          ?  22.000000   0.000000   0.000000   regions     circle
#
         5 1035.980000  82.750000            0            0            0       1.1201e+06          ?  22.000000   0.000000   0.000000   regions     circle
#
         6 459.290000 236.140000            0            0            0        2.451e+06          ?  22.000000   0.000000   0.000000   regions     circle
#
         7 1084.970000 907.120000            0            0            0           725760          ?  22.000000   0.000000   0.000000   regions     circle
#
         8 976.800000 1457.970000            0            0            0           875260          ?  22.000000   0.000000   0.000000   regions     circle
#
# /Users/tomasjames/Documents/University/Cardiff/Project/Project/Data/WASP22b/Raw/cpt1m013-kb76-20141108-0113-e90.fits
         1 1009.580000 970.770000            0            0            0       2.0162e+06          ?  22.000000   0.000000   0.000000   regions     circle
#
         2 861.370000 942.030000            0            0            0       1.1006e+06          ?  22.000000   0.000000   0.000000   regions     circle
#
         3 620.320000 824.830000            0            0            0           804360          ?  22.000000   0.000000   0.000000   regions     circle
#
         4 1104.180000 1973.100000            0            0            0           978330          ?  22.000000   0.000000   0.000000   regions     circle
#
         5 1036.070000  82.920000            0            0            0       1.0429e+06          ?  22.000000   0.000000   0.000000   regions     circle
#
         6 459.360000 236.330000            0            0            0       2.3991e+06          ?  22.000000   0.000000   0.000000   regions     circle
#
         7 1085.500000 908.170000            0            0            0           641110          ?  22.000000   0.000000   0.000000   regions     circle
#
         8 976.880000 1458.130000            0            0            0           778670          ?  22.000000   0.000000   0.000000   regions     circle
#
# /Users/tomasjames/Documents/University/Cardiff/Project/Project/Data/WASP22b/Raw/cpt1m013-kb76-20141108-0115-e90.fits
         1 1009.630000 970.700000            0            0            0       1.9577e+06          ?  22.000000   0.000000   0.000000   regions     circle
#
         2 861.390000 941.970000            0            0            0       1.0395e+06          ?  22.000000   0.000000   0.000000   regions     circle
#
         3 620.320000 824.780000            0            0            0           744600          ?  22.000000   0.000000   0.000000   regions     circle
#
         4 1104.220000 1973.050000            0            0            0           916750          ?  22.000000   0.000000   0.000000   regions     circle
#
         5 1036.100000  82.840000            0            0            0           981200          ?  22.000000   0.000000   0.000000   regions     circle
#
         6 459.360000 236.240000            0            0            0       2.3392e+06          ?  22.000000   0.000000   0.000000   regions     circle
#
         7 1085.930000 907.710000            0            0            0           577970          ?  22.000000   0.000000   0.000000   regions     circle
#
         8 976.880000 1458.080000            0            0            0           716490          ?  22.000000   0.000000   0.000000   regions     circle
#
# /Users/tomasjames/Documents/University/Cardiff/Project/Project/Data/WASP22b/Raw/cpt1m013-kb76-20141108-0117-e90.fits
         1 1009.500000 970.570000            0            0            0       1.9001e+06          ?  22.000000   0.000000   0.000000   regions     circle
#
         2 861.280000 941.870000            0            0            0       1.0311e+06          ?  22.000000   0.000000   0.000000   regions     circle
#
         3 620.240000 824.700000            0            0            0           737470          ?  22.000000   0.000000   0.000000   regions     circle
#
         4 1104.120000 1972.940000            0            0            0           909820          ?  22.000000   0.000000   0.000000   regions     circle
#
         5 1035.980000  82.750000            0            0            0           976970          ?  22.000000   0.000000   0.000000   regions     circle
#
         6 459.280000 236.150000            0            0            0       2.3157e+06          ?  22.000000   0.000000   0.000000   regions     circle
#
         7 1084.580000 903.840000            0            0            0           571360          ?  22.000000   0.000000   0.000000   regions     circle
#
         8 976.810000 1457.980000            0            0            0           708210          ?  22.000000   0.000000   0.000000   regions     circle
#
# /Users/tomasjames/Documents/University/Cardiff/Project/Project/Data/WASP22b/Raw/cpt1m013-kb76-20141108-0119-e90.fits
         1 1009.800000 970.630000            0            0            0       1.9209e+06          ?  22.000000   0.000000   0.000000   regions     circle
#
         2 861.550000 941.910000            0            0            0       1.0403e+06          ?  22.000000   0.000000   0.000000   regions     circle
#
         3 620.490000 824.730000            0            0            0           746540          ?  22.000000   0.000000   0.000000   regions     circle
#
         4 1104.370000 1972.990000            0            0            0           919220          ?  22.000000   0.000000   0.000000   regions     circle
#
         5 1036.250000  82.750000            0            0            0           984770          ?  22.000000   0.000000   0.000000   regions     circle
#
         6 459.530000 236.150000            0            0            0       2.3808e+06          ?  22.000000   0.000000   0.000000   regions     circle
#
         7 1082.670000 904.590000            0            0            0           579350          ?  22.000000   0.000000   0.000000   regions     circle
#
         8 977.050000 1457.990000            0            0            0           717860          ?  22.000000   0.000000   0.000000   regions     circle
#
# /Users/tomasjames/Documents/University/Cardiff/Project/Project/Data/WASP22b/Raw/cpt1m013-kb76-20141108-0121-e90.fits
         1 1009.540000 970.720000            0            0            0       1.9385e+06          ?  22.000000   0.000000   0.000000   regions     circle
#
         2 861.320000 942.000000            0            0            0       1.0321e+06          ?  22.000000   0.000000   0.000000   regions     circle
#
         3 620.270000 824.820000            0            0            0           740330          ?  22.000000   0.000000   0.000000   regions     circle
#
         4 1104.160000 1973.050000            0            0            0           906410          ?  22.000000   0.000000   0.000000   regions     circle
#
         5 1036.010000  82.850000            0            0            0           974210          ?  22.000000   0.000000   0.000000   regions     circle
#
         6 459.310000 236.260000            0            0            0        2.319e+06          ?  22.000000   0.000000   0.000000   regions     circle
#
         7 1085.520000 905.540000            0            0            0           573430          ?  22.000000   0.000000   0.000000   regions     circle
#
         8 976.830000 1458.090000            0            0            0           711250          ?  22.000000   0.000000   0.000000   regions     circle
#
# /Users/tomasjames/Documents/University/Cardiff/Project/Project/Data/WASP22b/Raw/cpt1m013-kb76-20141108-0123-e90.fits
         1 1009.450000 970.600000            0            0            0       1.9601e+06          ?  22.000000   0.000000   0.000000   regions     circle
#
         2 861.250000 941.860000            0            0            0       1.0263e+06          ?  22.000000   0.000000   0.000000   regions     circle
#
         3 620.180000 824.640000            0            0            0           735480          ?  22.000000   0.000000   0.000000   regions     circle
#
         4 1104.110000 1972.980000            0            0            0           905490          ?  22.000000   0.000000   0.000000   regions     circle
#
         5 1035.920000  82.730000            0            0            0           972560          ?  22.000000   0.000000   0.000000   regions     circle
#
         6 459.230000 236.120000            0            0            0       2.2948e+06          ?  22.000000   0.000000   0.000000   regions     circle
#
         7 1085.500000 908.170000            0            0            0           565280          ?  22.000000   0.000000   0.000000   regions     circle
#
         8 976.780000 1457.980000            0            0            0           706990          ?  22.000000   0.000000   0.000000   regions     circle
#
# /Users/tomasjames/Documents/University/Cardiff/Project/Project/Data/WASP22b/Raw/cpt1m013-kb76-20141108-0125-e90.fits
         1 1009.670000 970.670000            0            0            0       1.9667e+06          ?  22.000000   0.000000   0.000000   regions     circle
#
         2 861.440000 941.950000            0            0            0       1.0292e+06          ?  22.000000   0.000000   0.000000   regions     circle
#
         3 620.400000 824.750000            0            0            0           736580          ?  22.000000   0.000000   0.000000   regions     circle
#
         4 1104.280000 1972.990000            0            0            0           907940          ?  22.000000   0.000000   0.000000   regions     circle
#
         5 1036.120000  82.800000            0            0            0           975470          ?  22.000000   0.000000   0.000000   regions     circle
#
         6 459.420000 236.240000            0            0            0       2.3463e+06          ?  22.000000   0.000000   0.000000   regions     circle
#
         7 1084.850000 908.130000            0            0            0           573710          ?  22.000000   0.000000   0.000000   regions     circle
#
         8 976.950000 1458.030000            0            0            0           708770          ?  22.000000   0.000000   0.000000   regions     circle
#
# /Users/tomasjames/Documents/University/Cardiff/Project/Project/Data/WASP22b/Raw/cpt1m013-kb76-20141108-0127-e90.fits
         1 1009.520000 970.610000            0            0            0        1.968e+06          ?  22.000000   0.000000   0.000000   regions     circle
#
         2 861.310000 941.880000            0            0            0       1.0332e+06          ?  22.000000   0.000000   0.000000   regions     circle
#
         3 620.270000 824.670000            0            0            0           740860          ?  22.000000   0.000000   0.000000   regions     circle
#
         4 1104.160000 1972.960000            0            0            0           907710          ?  22.000000   0.000000   0.000000   regions     circle
#
         5 1035.970000  82.740000            0            0            0           975850          ?  22.000000   0.000000   0.000000   regions     circle
#
         6 459.280000 236.160000            0            0            0       2.3155e+06          ?  22.000000   0.000000   0.000000   regions     circle
#
         7 1085.000000 907.970000            0            0            0           573110          ?  22.000000   0.000000   0.000000   regions     circle
#
         8 976.820000 1457.990000            0            0            0           712090          ?  22.000000   0.000000   0.000000   regions     circle
#
# /Users/tomasjames/Documents/University/Cardiff/Project/Project/Data/WASP22b/Raw/cpt1m013-kb76-20141108-0129-e90.fits
         1 1009.630000 970.440000            0            0            0       2.0235e+06          ?  22.000000   0.000000   0.000000   regions     circle
#
         2 861.410000 941.720000            0            0            0       1.0404e+06          ?  22.000000   0.000000   0.000000   regions     circle
#
         3 620.350000 824.520000            0            0            0           747220          ?  22.000000   0.000000   0.000000   regions     circle
#
         4 1104.290000 1972.800000            0            0            0           913920          ?  22.000000   0.000000   0.000000   regions     circle
#
         5 1036.060000  82.560000            0            0            0           984490          ?  22.000000   0.000000   0.000000   regions     circle
#
         6 459.380000 235.990000            0            0            0       2.3453e+06          ?  22.000000   0.000000   0.000000   regions     circle
#
         7 1086.160000 908.140000            0            0            0           580170          ?  22.000000   0.000000   0.000000   regions     circle
#
         8 976.910000 1457.820000            0            0            0           719790          ?  22.000000   0.000000   0.000000   regions     circle
#
# /Users/tomasjames/Documents/University/Cardiff/Project/Project/Data/WASP22b/Raw/cpt1m013-kb76-20141108-0131-e90.fits
         1 1009.510000 970.570000            0            0            0       1.9948e+06          ?  22.000000   0.000000   0.000000   regions     circle
#
         2 861.300000 941.830000            0            0            0       1.0401e+06          ?  22.000000   0.000000   0.000000   regions     circle
#
         3 620.260000 824.670000            0            0            0           747100          ?  22.000000   0.000000   0.000000   regions     circle
#
         4 1104.160000 1972.930000            0            0            0           915050          ?  22.000000   0.000000   0.000000   regions     circle
#
         5 1035.950000  82.720000            0            0            0           983180          ?  22.000000   0.000000   0.000000   regions     circle
#
         6 459.260000 236.120000            0            0            0        2.318e+06          ?  22.000000   0.000000   0.000000   regions     circle
#
         7 1091.390000 908.240000            0            0            0           579150          ?  22.000000   0.000000   0.000000   regions     circle
#
         8 976.830000 1457.940000            0            0            0           716120          ?  22.000000   0.000000   0.000000   regions     circle
#
# /Users/tomasjames/Documents/University/Cardiff/Project/Project/Data/WASP22b/Raw/cpt1m013-kb76-20141108-0133-e90.fits
         1 1009.710000 970.600000            0            0            0       1.9904e+06          ?  22.000000   0.000000   0.000000   regions     circle
#
         2 861.480000 941.840000            0            0            0       1.0388e+06          ?  22.000000   0.000000   0.000000   regions     circle
#
         3 620.430000 824.680000            0            0            0           747730          ?  22.000000   0.000000   0.000000   regions     circle
#
         4 1104.370000 1972.950000            0            0            0           914170          ?  22.000000   0.000000   0.000000   regions     circle
#
         5 1036.130000  82.770000            0            0            0           983310          ?  22.000000   0.000000   0.000000   regions     circle
#
         6 459.430000 236.190000            0            0            0       2.3559e+06          ?  22.000000   0.000000   0.000000   regions     circle
#
         7 1087.470000 912.370000            0            0            0           578830          ?  22.000000   0.000000   0.000000   regions     circle
#
         8 977.010000 1457.980000            0            0            0           717980          ?  22.000000   0.000000   0.000000   regions     circle
#
# /Users/tomasjames/Documents/University/Cardiff/Project/Project/Data/WASP22b/Raw/cpt1m013-kb76-20141108-0135-e90.fits
         1 1009.530000 970.530000            0            0            0       1.9876e+06          ?  22.000000   0.000000   0.000000   regions     circle
#
         2 861.310000 941.840000            0            0            0       1.0452e+06          ?  22.000000   0.000000   0.000000   regions     circle
#
         3 620.260000 824.630000            0            0            0           749380          ?  22.000000   0.000000   0.000000   regions     circle
#
         4 1104.180000 1972.920000            0            0            0           921030          ?  22.000000   0.000000   0.000000   regions     circle
#
         5 1035.950000  82.750000            0            0            0           989060          ?  22.000000   0.000000   0.000000   regions     circle
#
         6 459.270000 236.140000            0            0            0       2.3255e+06          ?  22.000000   0.000000   0.000000   regions     circle
#
         7 1082.940000 905.710000            0            0            0           584030          ?  22.000000   0.000000   0.000000   regions     circle
#
         8 976.830000 1457.940000            0            0            0           722810          ?  22.000000   0.000000   0.000000   regions     circle
#
# /Users/tomasjames/Documents/University/Cardiff/Project/Project/Data/WASP22b/Raw/cpt1m013-kb76-20141108-0137-e90.fits
         1 1009.830000 970.700000            0            0            0       2.0111e+06          ?  22.000000   0.000000   0.000000   regions     circle
#
         2 861.610000 941.950000            0            0            0       1.0418e+06          ?  22.000000   0.000000   0.000000   regions     circle
#
         3 620.530000 824.750000            0            0            0           750460          ?  22.000000   0.000000   0.000000   regions     circle
#
         4 1104.440000 1973.010000            0            0            0           923850          ?  22.000000   0.000000   0.000000   regions     circle
#
         5 1036.230000  82.830000            0            0            0           988610          ?  22.000000   0.000000   0.000000   regions     circle
#
         6 459.530000 236.230000            0            0            0       2.3817e+06          ?  22.000000   0.000000   0.000000   regions     circle
#
         7 1085.520000 905.510000            0            0            0           583650          ?  22.000000   0.000000   0.000000   regions     circle
#
         8 977.150000 1458.020000            0            0            0           722880          ?  22.000000   0.000000   0.000000   regions     circle
#
# /Users/tomasjames/Documents/University/Cardiff/Project/Project/Data/WASP22b/Raw/cpt1m013-kb76-20141108-0139-e90.fits
         1 1009.650000 970.560000            0            0            0       1.9988e+06          ?  22.000000   0.000000   0.000000   regions     circle
#
         2 861.420000 941.850000            0            0            0       1.0579e+06          ?  22.000000   0.000000   0.000000   regions     circle
#
         3 620.370000 824.680000            0            0            0           763930          ?  22.000000   0.000000   0.000000   regions     circle
#
         4 1104.290000 1972.920000            0            0            0           932060          ?  22.000000   0.000000   0.000000   regions     circle
#
         5 1036.060000  82.750000            0            0            0           999390          ?  22.000000   0.000000   0.000000   regions     circle
#
         6 459.360000 236.190000            0            0            0       2.3579e+06          ?  22.000000   0.000000   0.000000   regions     circle
#
         7 1086.940000 907.970000            0            0            0           596450          ?  22.000000   0.000000   0.000000   regions     circle
#
         8 976.930000 1457.930000            0            0            0           736030          ?  22.000000   0.000000   0.000000   regions     circle
#
# /Users/tomasjames/Documents/University/Cardiff/Project/Project/Data/WASP22b/Raw/cpt1m013-kb76-20141108-0141-e90.fits
         1 1009.690000 970.710000            0            0            0       1.9821e+06          ?  22.000000   0.000000   0.000000   regions     circle
#
         2 861.460000 941.980000            0            0            0       1.0478e+06          ?  22.000000   0.000000   0.000000   regions     circle
#
         3 620.400000 824.810000            0            0            0           754320          ?  22.000000   0.000000   0.000000   regions     circle
#
         4 1104.340000 1973.060000            0            0            0           922760          ?  22.000000   0.000000   0.000000   regions     circle
#
         5 1036.090000  82.870000            0            0            0           989160          ?  22.000000   0.000000   0.000000   regions     circle
#
         6 459.400000 236.300000            0            0            0       2.3563e+06          ?  22.000000   0.000000   0.000000   regions     circle
#
         7 1086.620000 907.180000            0            0            0           586250          ?  22.000000   0.000000   0.000000   regions     circle
#
         8 976.980000 1458.100000            0            0            0           724570          ?  22.000000   0.000000   0.000000   regions     circle
#
# /Users/tomasjames/Documents/University/Cardiff/Project/Project/Data/WASP22b/Raw/cpt1m013-kb76-20141108-0143-e90.fits
         1 1009.640000 970.520000            0            0            0       2.0327e+06          ?  22.000000   0.000000   0.000000   regions     circle
#
         2 861.420000 941.800000            0            0            0       1.0493e+06          ?  22.000000   0.000000   0.000000   regions     circle
#
         3 620.370000 824.600000            0            0            0           754680          ?  22.000000   0.000000   0.000000   regions     circle
#
         4 1104.300000 1972.880000            0            0            0           925920          ?  22.000000   0.000000   0.000000   regions     circle
#
         5 1036.060000  82.690000            0            0            0           993150          ?  22.000000   0.000000   0.000000   regions     circle
#
         6 459.370000 236.120000            0            0            0       2.3508e+06          ?  22.000000   0.000000   0.000000   regions     circle
#
         7 1086.440000 907.740000            0            0            0           591080          ?  22.000000   0.000000   0.000000   regions     circle
#
         8 976.930000 1457.890000            0            0            0           727410          ?  22.000000   0.000000   0.000000   regions     circle
#
# /Users/tomasjames/Documents/University/Cardiff/Project/Project/Data/WASP22b/Raw/cpt1m013-kb76-20141108-0145-e90.fits
         1 1009.670000 970.670000            0            0            0       2.0246e+06          ?  22.000000   0.000000   0.000000   regions     circle
#
         2 861.440000 941.920000            0            0            0       1.0447e+06          ?  22.000000   0.000000   0.000000   regions     circle
#
         3 620.390000 824.740000            0            0            0           753020          ?  22.000000   0.000000   0.000000   regions     circle
#
         4 1104.340000 1972.990000            0            0            0           922020          ?  22.000000   0.000000   0.000000   regions     circle
#
         5 1036.070000  82.790000            0            0            0           990950          ?  22.000000   0.000000   0.000000   regions     circle
#
         6 459.380000 236.240000            0            0            0         2.35e+06          ?  22.000000   0.000000   0.000000   regions     circle
#
         7 1086.030000 908.470000            0            0            0           588490          ?  22.000000   0.000000   0.000000   regions     circle
#
         8 976.980000 1458.010000            0            0            0           725390          ?  22.000000   0.000000   0.000000   regions     circle
#
# /Users/tomasjames/Documents/University/Cardiff/Project/Project/Data/WASP22b/Raw/cpt1m013-kb76-20141108-0147-e90.fits
         1 1009.740000 970.630000            0            0            0       2.0187e+06          ?  22.000000   0.000000   0.000000   regions     circle
#
         2 861.510000 941.880000            0            0            0       1.0384e+06          ?  22.000000   0.000000   0.000000   regions     circle
#
         3 620.460000 824.710000            0            0            0           746680          ?  22.000000   0.000000   0.000000   regions     circle
#
         4 1104.410000 1972.930000            0            0            0           916070          ?  22.000000   0.000000   0.000000   regions     circle
#
         5 1036.160000  82.760000            0            0            0           982550          ?  22.000000   0.000000   0.000000   regions     circle
#
         6 459.460000 236.200000            0            0            0       2.3652e+06          ?  22.000000   0.000000   0.000000   regions     circle
#
         7 1085.720000 908.170000            0            0            0           580780          ?  22.000000   0.000000   0.000000   regions     circle
#
         8 977.060000 1457.970000            0            0            0           719220          ?  22.000000   0.000000   0.000000   regions     circle
#
# /Users/tomasjames/Documents/University/Cardiff/Project/Project/Data/WASP22b/Raw/cpt1m013-kb76-20141108-0149-e90.fits
         1 1009.570000 970.720000            0            0            0       1.9817e+06          ?  22.000000   0.000000   0.000000   regions     circle
#
         2 861.350000 942.000000            0            0            0       1.0469e+06          ?  22.000000   0.000000   0.000000   regions     circle
#
         3 620.320000 824.880000            0            0            0           755170          ?  22.000000   0.000000   0.000000   regions     circle
#
         4 1104.300000 1973.120000            0            0            0           924050          ?  22.000000   0.000000   0.000000   regions     circle
#
         5 1035.950000  82.880000            0            0            0           989570          ?  22.000000   0.000000   0.000000   regions     circle
#
         6 459.290000 236.300000            0            0            0         2.33e+06          ?  22.000000   0.000000   0.000000   regions     circle
#
         7 1078.880000 902.230000            0            0            0           588450          ?  22.000000   0.000000   0.000000   regions     circle
#
         8 976.890000 1458.090000            0            0            0           724910          ?  22.000000   0.000000   0.000000   regions     circle
#
# /Users/tomasjames/Documents/University/Cardiff/Project/Project/Data/WASP22b/Raw/cpt1m013-kb76-20141108-0151-e90.fits
         1 1009.420000 971.080000            0            0            0       2.0454e+06          ?  22.000000   0.000000   0.000000   regions     circle
#
         2 861.240000 942.320000            0            0            0        1.061e+06          ?  22.000000   0.000000   0.000000   regions     circle
#
         3 620.180000 825.140000            0            0            0           767750          ?  22.000000   0.000000   0.000000   regions     circle
#
         4 1104.130000 1973.440000            0            0            0           937040          ?  22.000000   0.000000   0.000000   regions     circle
#
         5 1035.830000  83.220000            0            0            0       1.0044e+06          ?  22.000000   0.000000   0.000000   regions     circle
#
         6 459.160000 236.710000            0            0            0       2.3112e+06          ?  22.000000   0.000000   0.000000   regions     circle
#
         7 1086.570000 900.880000            0            0            0           603440          ?  22.000000   0.000000   0.000000   regions     circle
#
         8 976.780000 1458.430000            0            0            0           741070          ?  22.000000   0.000000   0.000000   regions     circle
#
# /Users/tomasjames/Documents/University/Cardiff/Project/Project/Data/WASP22b/Raw/cpt1m013-kb76-20141108-0153-e90.fits
         1 1009.750000 970.750000            0            0            0       1.9616e+06          ?  22.000000   0.000000   0.000000   regions     circle
#
         2 861.500000 942.030000            0            0            0       1.0653e+06          ?  22.000000   0.000000   0.000000   regions     circle
#
         3 620.460000 824.860000            0            0            0           770960          ?  22.000000   0.000000   0.000000   regions     circle
#
         4 1104.430000 1973.120000            0            0            0           941690          ?  22.000000   0.000000   0.000000   regions     circle
#
         5 1036.110000  82.940000            0            0            0        1.008e+06          ?  22.000000   0.000000   0.000000   regions     circle
#
         6 459.440000 236.370000            0            0            0       2.3854e+06          ?  22.000000   0.000000   0.000000   regions     circle
#
         7 1085.630000 905.620000            0            0            0           603850          ?  22.000000   0.000000   0.000000   regions     circle
#
         8 977.070000 1458.130000            0            0            0           741400          ?  22.000000   0.000000   0.000000   regions     circle
#
# /Users/tomasjames/Documents/University/Cardiff/Project/Project/Data/WASP22b/Raw/cpt1m013-kb76-20141108-0155-e90.fits
         1 1009.700000 970.590000            0            0            0       1.9687e+06          ?  22.000000   0.000000   0.000000   regions     circle
#
         2 861.450000 941.890000            0            0            0       1.0861e+06          ?  22.000000   0.000000   0.000000   regions     circle
#
         3 620.400000 824.730000            0            0            0           794800          ?  22.000000   0.000000   0.000000   regions     circle
#
         4 1104.370000 1972.990000            0            0            0           960530          ?  22.000000   0.000000   0.000000   regions     circle
#
         5 1036.040000  82.810000            0            0            0        1.031e+06          ?  22.000000   0.000000   0.000000   regions     circle
#
         6 459.380000 236.240000            0            0            0       2.3938e+06          ?  22.000000   0.000000   0.000000   regions     circle
#
         7 1086.370000 907.520000            0            0            0           626260          ?  22.000000   0.000000   0.000000   regions     circle
#
         8 977.010000 1458.000000            0            0            0           765080          ?  22.000000   0.000000   0.000000   regions     circle
#
# /Users/tomasjames/Documents/University/Cardiff/Project/Project/Data/WASP22b/Raw/cpt1m013-kb76-20141108-0157-e90.fits
         1 1009.880000 970.610000            0            0            0       2.0204e+06          ?  22.000000   0.000000   0.000000   regions     circle
#
         2 861.680000 941.900000            0            0            0       1.0883e+06          ?  22.000000   0.000000   0.000000   regions     circle
#
         3 620.650000 824.780000            0            0            0           797490          ?  22.000000   0.000000   0.000000   regions     circle
#
         4 1104.600000 1972.970000            0            0            0           966350          ?  22.000000   0.000000   0.000000   regions     circle
#
         5 1036.260000  82.800000            0            0            0       1.0307e+06          ?  22.000000   0.000000   0.000000   regions     circle
#
         6 459.580000 236.230000            0            0            0       2.4387e+06          ?  22.000000   0.000000   0.000000   regions     circle
#
         7 1085.500000 908.170000            0            0            0           628870          ?  22.000000   0.000000   0.000000   regions     circle
#
         8 977.240000 1458.000000            0            0            0           766840          ?  22.000000   0.000000   0.000000   regions     circle
#
# /Users/tomasjames/Documents/University/Cardiff/Project/Project/Data/WASP22b/Raw/cpt1m013-kb76-20141108-0159-e90.fits
         1 1009.700000 970.750000            0            0            0       1.9441e+06          ?  22.000000   0.000000   0.000000   regions     circle
#
         2 861.470000 942.030000            0            0            0       1.0651e+06          ?  22.000000   0.000000   0.000000   regions     circle
#
         3 620.440000 824.900000            0            0            0           772700          ?  22.000000   0.000000   0.000000   regions     circle
#
         4 1104.400000 1973.140000            0            0            0           941510          ?  22.000000   0.000000   0.000000   regions     circle
#
         5 1036.060000  82.930000            0            0            0       1.0115e+06          ?  22.000000   0.000000   0.000000   regions     circle
#
         6 459.380000 236.370000            0            0            0       2.3715e+06          ?  22.000000   0.000000   0.000000   regions     circle
#
         7 1085.820000 907.520000            0            0            0           607380          ?  22.000000   0.000000   0.000000   regions     circle
#
         8 977.040000 1458.160000            0            0            0           745850          ?  22.000000   0.000000   0.000000   regions     circle
#
# /Users/tomasjames/Documents/University/Cardiff/Project/Project/Data/WASP22b/Raw/cpt1m013-kb76-20141108-0161-e90.fits
         1 1009.820000 970.660000            0            0            0       1.9898e+06          ?  22.000000   0.000000   0.000000   regions     circle
#
         2 861.590000 941.920000            0            0            0       1.0742e+06          ?  22.000000   0.000000   0.000000   regions     circle
#
         3 620.540000 824.760000            0            0            0           782210          ?  22.000000   0.000000   0.000000   regions     circle
#
         4 1104.550000 1973.000000            0            0            0           948740          ?  22.000000   0.000000   0.000000   regions     circle
#
         5 1036.170000  82.780000            0            0            0       1.0174e+06          ?  22.000000   0.000000   0.000000   regions     circle
#
         6 459.490000 236.230000            0            0            0       2.4045e+06          ?  22.000000   0.000000   0.000000   regions     circle
#
         7 1083.120000 906.280000            0            0            0           615360          ?  22.000000   0.000000   0.000000   regions     circle
#
         8 977.190000 1458.020000            0            0            0           752710          ?  22.000000   0.000000   0.000000   regions     circle
#
# /Users/tomasjames/Documents/University/Cardiff/Project/Project/Data/WASP22b/Raw/cpt1m013-kb76-20141108-0163-e90.fits
         1 1009.870000 970.410000            0            0            0       1.9564e+06          ?  22.000000   0.000000   0.000000   regions     circle
#
         2 861.660000 941.660000            0            0            0       1.0614e+06          ?  22.000000   0.000000   0.000000   regions     circle
#
         3 620.610000 824.460000            0            0            0           768970          ?  22.000000   0.000000   0.000000   regions     circle
#
         4 1104.620000 1972.730000            0            0            0           937970          ?  22.000000   0.000000   0.000000   regions     circle
#
         5 1036.220000  82.500000            0            0            0       1.0076e+06          ?  22.000000   0.000000   0.000000   regions     circle
#
         6 459.560000 235.970000            0            0            0       2.4076e+06          ?  22.000000   0.000000   0.000000   regions     circle
#
         7 1087.340000 908.470000            0            0            0           603280          ?  22.000000   0.000000   0.000000   regions     circle
#
         8 977.240000 1457.790000            0            0            0           740200          ?  22.000000   0.000000   0.000000   regions     circle
#
# /Users/tomasjames/Documents/University/Cardiff/Project/Project/Data/WASP22b/Raw/cpt1m013-kb76-20141108-0165-e90.fits
         1 1009.780000 970.770000            0            0            0        2.009e+06          ?  22.000000   0.000000   0.000000   regions     circle
#
         2 861.590000 942.030000            0            0            0       1.0654e+06          ?  22.000000   0.000000   0.000000   regions     circle
#
         3 620.530000 824.860000            0            0            0           771700          ?  22.000000   0.000000   0.000000   regions     circle
#
         4 1104.530000 1973.080000            0            0            0           939930          ?  22.000000   0.000000   0.000000   regions     circle
#
         5 1036.140000  82.870000            0            0            0       1.0058e+06          ?  22.000000   0.000000   0.000000   regions     circle
#
         6 459.480000 236.340000            0            0            0       2.3903e+06          ?  22.000000   0.000000   0.000000   regions     circle
#
         7 1085.490000 912.880000            0            0            0           604870          ?  22.000000   0.000000   0.000000   regions     circle
#
         8 977.160000 1458.100000            0            0            0           742830          ?  22.000000   0.000000   0.000000   regions     circle
#
# /Users/tomasjames/Documents/University/Cardiff/Project/Project/Data/WASP22b/Raw/cpt1m013-kb76-20141108-0167-e90.fits
         1 1009.860000 970.690000            0            0            0       1.9756e+06          ?  22.000000   0.000000   0.000000   regions     circle
#
         2 861.670000 941.940000            0            0            0       1.0688e+06          ?  22.000000   0.000000   0.000000   regions     circle
#
         3 620.630000 824.790000            0            0            0           777560          ?  22.000000   0.000000   0.000000   regions     circle
#
         4 1104.610000 1973.020000            0            0            0           947850          ?  22.000000   0.000000   0.000000   regions     circle
#
         5 1036.210000  82.790000            0            0            0       1.0149e+06          ?  22.000000   0.000000   0.000000   regions     circle
#
         6 459.540000 236.250000            0            0            0       2.4144e+06          ?  22.000000   0.000000   0.000000   regions     circle
#
         7 1077.720000 906.060000            0            0            0           612900          ?  22.000000   0.000000   0.000000   regions     circle
#
         8 977.250000 1458.030000            0            0            0           750720          ?  22.000000   0.000000   0.000000   regions     circle
#
# /Users/tomasjames/Documents/University/Cardiff/Project/Project/Data/WASP22b/Raw/cpt1m013-kb76-20141108-0169-e90.fits
         1 1009.720000 970.680000            0            0            0       2.0251e+06          ?  22.000000   0.000000   0.000000   regions     circle
#
         2 861.520000 941.970000            0            0            0       1.0678e+06          ?  22.000000   0.000000   0.000000   regions     circle
#
         3 620.460000 824.800000            0            0            0           777000          ?  22.000000   0.000000   0.000000   regions     circle
#
         4 1104.480000 1973.040000            0            0            0           944080          ?  22.000000   0.000000   0.000000   regions     circle
#
         5 1036.110000  82.910000            0            0            0        1.011e+06          ?  22.000000   0.000000   0.000000   regions     circle
#
         6 459.430000 236.360000            0            0            0       2.3891e+06          ?  22.000000   0.000000   0.000000   regions     circle
#
         7 1085.050000 907.490000            0            0            0           611380          ?  22.000000   0.000000   0.000000   regions     circle
#
         8 977.110000 1458.060000            0            0            0           747950          ?  22.000000   0.000000   0.000000   regions     circle
#
# /Users/tomasjames/Documents/University/Cardiff/Project/Project/Data/WASP22b/Raw/cpt1m013-kb76-20141108-0171-e90.fits
         1 1009.780000 970.620000            0            0            0       2.0029e+06          ?  22.000000   0.000000   0.000000   regions     circle
#
         2 861.570000 941.900000            0            0            0       1.0676e+06          ?  22.000000   0.000000   0.000000   regions     circle
#
         3 620.490000 824.710000            0            0            0           775700          ?  22.000000   0.000000   0.000000   regions     circle
#
         4 1104.490000 1972.930000            0            0            0           946530          ?  22.000000   0.000000   0.000000   regions     circle
#
         5 1036.090000  82.760000            0            0            0       1.0134e+06          ?  22.000000   0.000000   0.000000   regions     circle
#
         6 459.460000 236.230000            0            0            0       2.3918e+06          ?  22.000000   0.000000   0.000000   regions     circle
#
         7 1087.750000 906.150000            0            0            0           612310          ?  22.000000   0.000000   0.000000   regions     circle
#
         8 977.150000 1457.980000            0            0            0           750080          ?  22.000000   0.000000   0.000000   regions     circle
#
# /Users/tomasjames/Documents/University/Cardiff/Project/Project/Data/WASP22b/Raw/cpt1m013-kb76-20141108-0173-e90.fits
         1 1009.650000 970.830000            0            0            0       2.0005e+06          ?  22.000000   0.000000   0.000000   regions     circle
#
         2 861.460000 942.090000            0            0            0         1.07e+06          ?  22.000000   0.000000   0.000000   regions     circle
#
         3 620.400000 824.920000            0            0            0           777540          ?  22.000000   0.000000   0.000000   regions     circle
#
         4 1104.390000 1973.120000            0            0            0           946550          ?  22.000000   0.000000   0.000000   regions     circle
#
         5 1035.960000  82.950000            0            0            0       1.0133e+06          ?  22.000000   0.000000   0.000000   regions     circle
#
         6 459.290000 236.360000            0            0            0       2.3536e+06          ?  22.000000   0.000000   0.000000   regions     circle
#
         7 1086.030000 907.930000            0            0            0           613000          ?  22.000000   0.000000   0.000000   regions     circle
#
         8 977.030000 1458.180000            0            0            0           750680          ?  22.000000   0.000000   0.000000   regions     circle
#
# /Users/tomasjames/Documents/University/Cardiff/Project/Project/Data/WASP22b/Raw/cpt1m013-kb76-20141108-0175-e90.fits
         1 1009.710000 970.590000            0            0            0        1.945e+06          ?  22.000000   0.000000   0.000000   regions     circle
#
         2 861.500000 941.860000            0            0            0       1.0697e+06          ?  22.000000   0.000000   0.000000   regions     circle
#
         3 620.450000 824.670000            0            0            0           777850          ?  22.000000   0.000000   0.000000   regions     circle
#
         4 1104.460000 1972.880000            0            0            0           946700          ?  22.000000   0.000000   0.000000   regions     circle
#
         5 1036.020000  82.710000            0            0            0       1.0144e+06          ?  22.000000   0.000000   0.000000   regions     circle
#
         6 459.400000 236.150000            0            0            0       2.3809e+06          ?  22.000000   0.000000   0.000000   regions     circle
#
         7 1083.780000 907.830000            0            0            0           611900          ?  22.000000   0.000000   0.000000   regions     circle
#
         8 977.100000 1457.940000            0            0            0           747090          ?  22.000000   0.000000   0.000000   regions     circle
#
# /Users/tomasjames/Documents/University/Cardiff/Project/Project/Data/WASP22b/Raw/cpt1m013-kb76-20141108-0177-e90.fits
         1 1009.420000 970.360000            0            0            0       2.0006e+06          ?  22.000000   0.000000   0.000000   regions     circle
#
         2 861.250000 941.650000            0            0            0       1.0703e+06          ?  22.000000   0.000000   0.000000   regions     circle
#
         3 620.250000 824.520000            0            0            0           781580          ?  22.000000   0.000000   0.000000   regions     circle
#
         4 1104.280000 1972.740000            0            0            0           946340          ?  22.000000   0.000000   0.000000   regions     circle
#
         5 1035.810000  82.520000            0            0            0       1.0165e+06          ?  22.000000   0.000000   0.000000   regions     circle
#
         6 459.190000 235.990000            0            0            0       2.3287e+06          ?  22.000000   0.000000   0.000000   regions     circle
#
         7 1085.910000 907.840000            0            0            0           614250          ?  22.000000   0.000000   0.000000   regions     circle
#
         8 976.820000 1457.730000            0            0            0           752620          ?  22.000000   0.000000   0.000000   regions     circle
#
# /Users/tomasjames/Documents/University/Cardiff/Project/Project/Data/WASP22b/Raw/cpt1m013-kb76-20141108-0179-e90.fits
         1 1009.690000 970.510000            0            0            0       2.0053e+06          ?  22.000000   0.000000   0.000000   regions     circle
#
         2 861.450000 941.820000            0            0            0       1.0736e+06          ?  22.000000   0.000000   0.000000   regions     circle
#
         3 620.420000 824.630000            0            0            0           785590          ?  22.000000   0.000000   0.000000   regions     circle
#
         4 1104.460000 1972.820000            0            0            0           952360          ?  22.000000   0.000000   0.000000   regions     circle
#
         5 1036.020000  82.680000            0            0            0       1.0205e+06          ?  22.000000   0.000000   0.000000   regions     circle
#
         6 459.390000 236.140000            0            0            0       2.3818e+06          ?  22.000000   0.000000   0.000000   regions     circle
#
         7 1081.590000 909.010000            0            0            0           617330          ?  22.000000   0.000000   0.000000   regions     circle
#
         8 977.050000 1457.910000            0            0            0           755610          ?  22.000000   0.000000   0.000000   regions     circle
#
# /Users/tomasjames/Documents/University/Cardiff/Project/Project/Data/WASP22b/Raw/cpt1m013-kb76-20141108-0181-e90.fits
         1 1009.710000 970.670000            0            0            0       1.9966e+06          ?  22.000000   0.000000   0.000000   regions     circle
#
         2 861.500000 941.930000            0            0            0       1.0731e+06          ?  22.000000   0.000000   0.000000   regions     circle
#
         3 620.450000 824.760000            0            0            0           785100          ?  22.000000   0.000000   0.000000   regions     circle
#
         4 1104.510000 1972.980000            0            0            0           952440          ?  22.000000   0.000000   0.000000   regions     circle
#
         5 1036.020000  82.790000            0            0            0        1.021e+06          ?  22.000000   0.000000   0.000000   regions     circle
#
         6 459.420000 236.260000            0            0            0       2.3908e+06          ?  22.000000   0.000000   0.000000   regions     circle
#
         7 1087.450000 907.170000            0            0            0           620990          ?  22.000000   0.000000   0.000000   regions     circle
#
         8 977.130000 1458.020000            0            0            0           757210          ?  22.000000   0.000000   0.000000   regions     circle
#
# /Users/tomasjames/Documents/University/Cardiff/Project/Project/Data/WASP22b/Raw/cpt1m013-kb76-20141108-0183-e90.fits
         1 1009.770000 970.690000            0            0            0       2.0204e+06          ?  22.000000   0.000000   0.000000   regions     circle
#
         2 861.590000 941.940000            0            0            0       1.0741e+06          ?  22.000000   0.000000   0.000000   regions     circle
#
         3 620.540000 824.800000            0            0            0           785160          ?  22.000000   0.000000   0.000000   regions     circle
#
         4 1104.590000 1972.990000            0            0            0           953570          ?  22.000000   0.000000   0.000000   regions     circle
#
         5 1036.130000  82.870000            0            0            0       1.0206e+06          ?  22.000000   0.000000   0.000000   regions     circle
#
         6 459.490000 236.310000            0            0            0       2.4078e+06          ?  22.000000   0.000000   0.000000   regions     circle
#
         7 1086.260000 908.470000            0            0            0           619560          ?  22.000000   0.000000   0.000000   regions     circle
#
         8 977.190000 1458.030000            0            0            0           757630          ?  22.000000   0.000000   0.000000   regions     circle
#
# /Users/tomasjames/Documents/University/Cardiff/Project/Project/Data/WASP22b/Raw/cpt1m013-kb76-20141108-0185-e90.fits
         1 1009.570000 970.720000            0            0            0       2.0187e+06          ?  22.000000   0.000000   0.000000   regions     circle
#
         2 861.380000 941.980000            0            0            0       1.0781e+06          ?  22.000000   0.000000   0.000000   regions     circle
#
         3 620.380000 824.850000            0            0            0           790720          ?  22.000000   0.000000   0.000000   regions     circle
#
         4 1104.410000 1973.040000            0            0            0           958320          ?  22.000000   0.000000   0.000000   regions     circle
#
         5 1035.880000  82.840000            0            0            0       1.0244e+06          ?  22.000000   0.000000   0.000000   regions     circle
#
         6 459.270000 236.290000            0            0            0       2.3577e+06          ?  22.000000   0.000000   0.000000   regions     circle
#
         7 1083.850000 903.620000            0            0            0           624380          ?  22.000000   0.000000   0.000000   regions     circle
#
         8 976.980000 1458.080000            0            0            0           761300          ?  22.000000   0.000000   0.000000   regions     circle
#
# /Users/tomasjames/Documents/University/Cardiff/Project/Project/Data/WASP22b/Raw/cpt1m013-kb76-20141108-0187-e90.fits
         1 1009.780000 970.670000            0            0            0       2.0435e+06          ?  22.000000   0.000000   0.000000   regions     circle
#
         2 861.540000 941.880000            0            0            0       1.0817e+06          ?  22.000000   0.000000   0.000000   regions     circle
#
         3 620.540000 824.780000            0            0            0           790230          ?  22.000000   0.000000   0.000000   regions     circle
#
         4 1104.590000 1972.960000            0            0            0           958330          ?  22.000000   0.000000   0.000000   regions     circle
#
         5 1036.080000  82.800000            0            0            0       1.0262e+06          ?  22.000000   0.000000   0.000000   regions     circle
#
         6 459.490000 236.250000            0            0            0       2.4134e+06          ?  22.000000   0.000000   0.000000   regions     circle
#
         7 1086.100000 902.600000            0            0            0           626430          ?  22.000000   0.000000   0.000000   regions     circle
#
         8 977.190000 1458.010000            0            0            0           764770          ?  22.000000   0.000000   0.000000   regions     circle
#
# /Users/tomasjames/Documents/University/Cardiff/Project/Project/Data/WASP22b/Raw/cpt1m013-kb76-20141108-0189-e90.fits
         1 1010.000000 970.480000            0            0            0       2.0094e+06          ?  22.000000   0.000000   0.000000   regions     circle
#
         2 861.800000 941.760000            0            0            0       1.0967e+06          ?  22.000000   0.000000   0.000000   regions     circle
#
         3 620.800000 824.600000            0            0            0           807230          ?  22.000000   0.000000   0.000000   regions     circle
#
         4 1104.850000 1972.820000            0            0            0           973710          ?  22.000000   0.000000   0.000000   regions     circle
#
         5 1036.330000  82.660000            0            0            0       1.0418e+06          ?  22.000000   0.000000   0.000000   regions     circle
#
         6 459.750000 236.120000            0            0            0       2.4838e+06          ?  22.000000   0.000000   0.000000   regions     circle
#
         7 1086.920000 899.610000            0            0            0           642920          ?  22.000000   0.000000   0.000000   regions     circle
#
         8 977.420000 1457.870000            0            0            0           778850          ?  22.000000   0.000000   0.000000   regions     circle
#
# /Users/tomasjames/Documents/University/Cardiff/Project/Project/Data/WASP22b/Raw/cpt1m013-kb76-20141108-0191-e90.fits
         1 1009.690000 970.590000            0            0            0       1.9941e+06          ?  22.000000   0.000000   0.000000   regions     circle
#
         2 861.470000 941.890000            0            0            0       1.1003e+06          ?  22.000000   0.000000   0.000000   regions     circle
#
         3 620.440000 824.710000            0            0            0           810070          ?  22.000000   0.000000   0.000000   regions     circle
#
         4 1104.510000 1972.930000            0            0            0           978280          ?  22.000000   0.000000   0.000000   regions     circle
#
         5 1035.960000  82.730000            0            0            0       1.0457e+06          ?  22.000000   0.000000   0.000000   regions     circle
#
         6 459.370000 236.180000            0            0            0       2.4038e+06          ?  22.000000   0.000000   0.000000   regions     circle
#
         7 1085.990000 909.470000            0            0            0           646490          ?  22.000000   0.000000   0.000000   regions     circle
#
         8 977.120000 1458.010000            0            0            0           782390          ?  22.000000   0.000000   0.000000   regions     circle
#
# /Users/tomasjames/Documents/University/Cardiff/Project/Project/Data/WASP22b/Raw/cpt1m013-kb76-20141108-0193-e90.fits
         1 1009.590000 970.640000            0            0            0       2.0717e+06          ?  22.000000   0.000000   0.000000   regions     circle
#
         2 861.420000 941.900000            0            0            0       1.1111e+06          ?  22.000000   0.000000   0.000000   regions     circle
#
         3 620.410000 824.760000            0            0            0           819930          ?  22.000000   0.000000   0.000000   regions     circle
#
         4 1104.420000 1972.920000            0            0            0           987680          ?  22.000000   0.000000   0.000000   regions     circle
#
         5 1035.920000  82.800000            0            0            0       1.0547e+06          ?  22.000000   0.000000   0.000000   regions     circle
#
         6 459.320000 236.240000            0            0            0       2.4011e+06          ?  22.000000   0.000000   0.000000   regions     circle
#
         7 1085.500000 908.170000            0            0            0           656800          ?  22.000000   0.000000   0.000000   regions     circle
#
         8 977.010000 1457.990000            0            0            0           791500          ?  22.000000   0.000000   0.000000   regions     circle
#
# /Users/tomasjames/Documents/University/Cardiff/Project/Project/Data/WASP22b/Raw/cpt1m013-kb76-20141108-0195-e90.fits
         1 1010.470000 970.500000            0            0            0       2.0892e+06          ?  22.000000   0.000000   0.000000   regions     circle
#
         2 862.290000 941.780000            0            0            0       1.1076e+06          ?  22.000000   0.000000   0.000000   regions     circle
#
         3 621.260000 824.610000            0            0            0           820990          ?  22.000000   0.000000   0.000000   regions     circle
#
         4 1105.310000 1972.820000            0            0            0           989200          ?  22.000000   0.000000   0.000000   regions     circle
#
         5 1036.750000  82.660000            0            0            0       1.0552e+06          ?  22.000000   0.000000   0.000000   regions     circle
#
         6 460.170000 236.060000            0            0            0       2.5768e+06          ?  22.000000   0.000000   0.000000   regions     circle
#
         7 1083.410000 902.550000            0            0            0           659660          ?  22.000000   0.000000   0.000000   regions     circle
#
         8 977.890000 1457.860000            0            0            0           795580          ?  22.000000   0.000000   0.000000   regions     circle
#
