         1 815.260000 793.280000            0            0            0           418790          ?  23.000000   0.000000   0.000000   regions     circle
#
         2 834.610000 571.950000            0            0            0           289000          ?  23.000000   0.000000   0.000000   regions     circle
#
         3 676.000000 378.490000            0            0            0           194660          ?  23.000000   0.000000   0.000000   regions     circle
#
         4 714.670000  73.180000            0            0            0           168310          ?  23.000000   0.000000   0.000000   regions     circle
#
         5 341.550000 441.730000            0            0            0           148410          ?  23.000000   0.000000   0.000000   regions     circle
#
         6 423.720000 945.190000            0            0            0           376590          ?  23.000000   0.000000   0.000000   regions     circle
#
         7 487.900000 532.960000            0            0            0            93349          ?  23.000000   0.000000   0.000000   regions     circle
#
